eval_loss: 1.6133331498529158
perplexity: 5.019514083862305
